430 -102.77803 -89.934989 -115.99832
429 -90.995428 -78.138617 -104.10695
428 -81.32 -68.45 -94.45
427 -73.416595 -60.533598 -86.607479
426 -67.078904 -54.181421 -80.001995
425 -61.59 -48.68 -74.68
424 -55.959153 -43.043248 -71.381854
423 -50.261827 -37.334986 -70.876901
422 -44.62 -31.68 -71.8
421 -38.975986 -26.035212 -71.322549
420 -33.44926 -20.508011 -69.274243
419 -28.02 -15.07 -65.59
418 -22.556879 -9.5930485 -59.829755
417 -17.205224 -4.2308695 -52.358051
416 -11.69 1.29 -43.14
415 -5.8629166 7.1232729 -32.157726
414 -1.9390677 11.055098 -21.864396
413 -0.23 12.77 -14.77
412 1.0882686 14.087758 -11.893964
411 2.3856842 15.388531 -10.641268
410 3.71 16.72 -9.28
409 5.0823812 18.093117 -7.9014758
408 6.14235 19.152114 -6.8500259
407 6.43 19.44 -6.56
406 5.7339569 18.743655 -7.2559567
405 4.8375868 17.848466 -8.1516875
404 4.49 17.5 -8.5
403 4.9982009 18.000277 -7.9996951
402 6.0086799 19.010486 -6.9895251
401 6.46 19.47 -6.53
400 5.3190043 18.330964 -7.6690344
399 3.800228 16.806856 -9.1931449
398 2.57 15.57 -10.43
397 1.2789701 14.278028 -11.721972
396 -0.02437641 12.976608 -13.023392
395 -1.27 11.73 -14.27
394 -2.4619415 10.531052 -15.468949
393 -3.5529792 9.4360301 -16.563969
392 -4.78 8.21 -17.79
391 -6.231707 6.7581755 -19.24183
390 -6.3451108 6.6455908 -19.354396
389 -6.16 6.83 -19.17
388 -8.4660305 4.5167393 -21.483333
387 -11.078943 1.9007599 -24.099058
386 -12.87 0.11 -25.89
385 -14.793831 -1.820862 -27.821867
384 -16.815647 -3.8460627 -29.843524
383 -18.76 -5.79 -31.79
382 -20.66168 -7.6984374 -33.71243
381 -22.824559 -9.8656377 -35.830272
380 -24.65 -11.69 -37.69
379 -25.060794 -12.100965 -38.805492
378 -24.925592 -11.964717 -41.260649
377 -25.31 -12.35 -44.32
376 -26.690554 -13.738778 -44.809271
375 -28.42262 -15.470031 -43.695117
374 -30.37 -17.41 -43.41
373 -33.076587 -20.121928 -45.917635
372 -36.636271 -23.68979 -49.770621
371 -40.37 -27.43 -53.43
370 -42.966106 -30.034879 -56.020211
369 -43.260728 -30.32777 -56.333573
368 -41.75 -28.81 -54.81
367 -40.617043 -27.683409 -53.682358
366 -42.209472 -29.280102 -55.280514
365 -46.17 -33.24 -59.24
364 -49.825086 -36.902111 -62.902063
363 -52.187061 -39.267359 -65.26732
362 -53.58 -40.66 -66.66
361 -54.600461 -41.687999 -67.688376
360 -53.689014 -40.77774 -66.776776
359 -53.18 -40.26 -66.26
358 -57.720255 -44.798767 -70.804089
357 -63.563214 -50.674331 -76.660881
356 -67.67 -54.78 -80.78
355 -70.341252 -57.377707 -83.451829
354 -73.76931 -61.06808 -86.880744
353 -79.52 -66.64 -92.64
352 -85.486909 -70.977284 -98.617072
351 -80.110831 -65.592127 -93.234723
350 -71.41 -58.52 -84.52
349 -80.668066 -67.985005 -93.786436
348 -95.060102 -82.077989 -108.20427
347 -105.4 -91.92 -118.57
346 -114.23417 -99.103153 -127.41414
345 -121.40653 -104.11379 -134.58538
344 -125.84 -108.14 -139.03
343 -126.41661 -111.87173 -139.6341
342 -122.36236 -109.90583 -135.51184
341 -114.62 -101.79 -127.79
340 -105.09833 -92.177791 -118.49221
339 -93.095391 -80.267783 -105.63633
338 -78.22 -65.34 -91.34
337 -61.50894 -48.59586 -80.948303
336 -45.62571 -32.697947 -72.1761
335 -30 -17.05 -59.65
334 -12.741646 0.23723041 -39.841811
333 -0.88528863 12.110602 -20.922035
332 3.42 16.42 -9.91
331 4.5896019 17.596345 -7.8648346
330 4.6227802 17.634521 -8.5835049
329 3.76 16.77 -9.23
328 1.6523685 14.655305 -11.305132
327 -0.16393672 12.834917 -13.180737
326 -1.08 11.92 -14.08
325 -1.9771843 11.023851 -14.973308
324 -4.0419684 8.9554275 -17.045696
323 -8.19 4.8 -21.2
322 -14.283689 -1.3002773 -27.300073
321 -19.381769 -6.4055982 -32.405679
320 -21.73 -8.76 -34.76
319 -21.822241 -8.8529185 -34.852904
318 -21.525021 -8.5545431 -34.554549
317 -21.15 -8.18 -34.18
316 -19.678057 -6.70947 -32.709469
315 -18.218153 -5.2443015 -31.244302
314 -17.11 -4.13 -30.13
313 -15.946859 -2.9733651 -28.973365
312 -16.54283 -3.5734561 -29.573456
311 -19.44 -6.47 -32.47
310 -23.372419 -10.409123 -36.409123
309 -27.19369 -14.234825 -40.234825
308 -29.46 -16.5 -42.5
307 -29.225896 -16.265833 -42.265833
306 -28.839564 -15.879275 -41.879275
305 -29.43 -16.47 -42.47
304 -30.720132 -17.765132 -43.765132
303 -34.876869 -21.93354 -47.93354
302 -42.03 -29.1 -55.1
301 -49.852613 -36.929718 -62.929718
300 -56.841791 -43.925465 -69.925465
299 -61.01 -48.1 -74.1
298 -60.719418 -47.809813 -73.809813
297 -58.505243 -45.595558 -71.595558
296 -55.55 -42.64 -68.64
295 -51.392565 -38.476559 -64.476558
294 -48.478271 -35.554575 -61.554576
293 -46.95 -34.02 -60.02
292 -43.935754 -30.999792 -56.999783
291 -36.890177 -23.944784 -49.944807
290 -27.12 -14.16 -40.16
289 -19.220949 -6.2449771 -32.24485
288 -15.87161 -2.8924052 -28.892725
287 -16.37 -3.4 -29.4
286 -17.471604 -4.5061829 -30.504418
285 -17.353481 -4.3737031 -30.378164
284 -18.01 -5.03 -31.03
283 -23.51003 -10.573065 -36.548482
282 -32.518603 -19.514994 -45.577124
281 -42.77 -29.84 -55.84
280 -52.834748 -40.259692 -65.9173
279 -62.696955 -48.835469 -75.794912
278 -70.42 -54.99 -83.53
277 -72.769403 -58.910776 -85.880379
276 -70.465806 -57.94046 -83.575716
275 -66.84 -53.95 -79.95
274 -66.507641 -53.43377 -79.615786
273 -72.618773 -59.956903 -85.734372
272 -82.95 -67.25 -96.08
271 -91.210537 -64.681259 -104.34767
270 -94.87739 -60.026929 -108.02142
269 -94.23 -58.48 -107.38
268 -91.592844 -58.207926 -104.73787
267 -90.138391 -58.422324 -103.27335
266 -90.74 -58.85 -103.87
265 -91.825204 -59.372672 -104.96137
264 -92.027855 -59.780791 -105.16985
263 -90.62 -59.51 -103.76
262 -87.800378 -57.934293 -100.93311
261 -85.210097 -55.514669 -98.339379
260 -84.22 -53.29 -97.35
259 -85.434904 -52.408176 -98.563669
258 -88.77721 -53.254579 -101.91108
257 -91.34 -56.28 -104.48
256 -89.609764 -61.487203 -102.7427
255 -88.143805 -66.172774 -101.27498
254 -89.79 -69.76 -102.93
253 -93.730305 -73.701924 -106.87716
252 -99.442352 -76.564998 -112.59607
251 -105.01 -81.14 -118.17
250 -107.75265 -91.361221 -120.91341
249 -107.94468 -96.347938 -121.10405
248 -106.09 -93.25 -119.25
247 -101.94093 -88.877019 -115.10314
246 -94.379424 -81.623168 -107.53281
245 -82.83 -69.96 -95.96
244 -68.523278 -55.602971 -81.624987
243 -56.649856 -43.752712 -69.731614
242 -47.76 -34.83 -60.83
241 -38.194966 -25.169018 -51.251116
240 -29.907072 -17.157765 -42.952748
239 -25.38 -12.42 -38.42
238 -24.128101 -9.3736507 -37.161755
237 -18.057294 -3.3074763 -31.083524
236 -9.38 3.6 -22.4
235 -9.1562265 3.6686486 -22.174558
234 -15.247634 -2.3098662 -28.271406
233 -26.74 -13.78 -39.78
232 -44.402773 -30.324528 -57.470204
231 -57.542921 -42.722872 -70.631721
230 -62.42 -48.53 -75.52
229 -65.143339 -52.960564 -78.252745
228 -71.47252 -55.912941 -84.57973
227 -80.8 -57.17 -93.93
226 -85.626938 -57.097066 -98.808594
225 -76.106435 -53.104972 -89.078949
224 -53.98 -41.07 -67.07
223 -32.211567 -20.325021 -46.491642
222 -19.844611 -6.455179 -34.098151
221 -16.17 -3.19 -29.19
220 -13.356112 -0.45248754 -26.236615
219 -9.6833023 3.3295022 -22.75591
218 -6.06 6.93 -19.07
217 -3.9984412 8.9872324 -16.99727
216 -3.396806 9.5941356 -16.411994
215 -3.54 9.45 -16.55
214 -3.750584 9.2470747 -16.751828
213 -4.2912406 8.7069146 -17.293488
212 -5.54 7.45 -18.55
211 -7.456402 5.5325536 -20.467575
210 -8.8668584 4.12378 -21.875724
209 -9.53 3.46 -22.54
208 -10.278674 2.7068239 -23.296075
207 -11.381444 1.5911903 -24.40147
206 -12.85 0.13 -25.87
205 -14.448371 -1.4362784 -27.47674
204 -15.468176 -2.5971151 -28.49485
203 -17.55 -4.57 -30.57
202 -23.025927 -9.0121295 -36.058661
201 -27.239319 -12.255247 -40.282356
200 -26.24 -11.37 -39.28
199 -19.846092 -6.3061274 -32.879702
198 -12.939691 -0.16485881 -25.965907
197 -9.68 3.3 -22.7
196 -11.356775 1.6607898 -24.375312
195 -15.640436 -2.6775914 -28.663307
194 -19.59 -6.62 -32.62
193 -21.804677 -8.838001 -34.840593
192 -25.814925 -12.861791 -38.860765
191 -33.15 -20.21 -46.21
190 -42.353516 -29.426507 -55.426693
189 -52.888517 -39.975996 -65.975922
188 -63.07 -50.17 -76.17
187 -70.525295 -57.631243 -83.631256
186 -75.792456 -62.909185 -88.90918
185 -80.33 -67.46 -93.46
184 -84.826537 -71.95793 -97.957931
183 -86.357725 -73.48704 -99.48704
182 -85.09 -72.22 -98.22
181 -83.918075 -71.049043 -97.049043
180 -80.784951 -67.912339 -93.912339
179 -75.06 -62.18 -88.18
178 -69.140964 -56.254595 -82.254596
177 -66.564921 -53.670524 -79.670523
176 -67.91 -55.01 -81.01
175 -70.892458 -57.997881 -83.997889
174 -74.602456 -61.716485 -87.716466
173 -77.72 -64.84 -90.84
172 -78.08826 -65.210554 -91.210659
171 -73.54095 -60.655448 -86.655181
170 -66.06 -53.16 -79.16
169 -60.199843 -47.290982 -73.292454
168 -54.411213 -41.501639 -67.497918
167 -49.53 -36.61 -62.61
166 -49.46399 -36.521337 -62.541845
165 -54.572327 -41.70898 -67.657146
164 -64.06 -51.16 -77.16
163 -75.221198 -62.036619 -88.337083
162 -79.194326 -66.932605 -92.314354
161 -79.08 -66.2 -92.2
160 -86.080554 -67.422817 -99.214729
159 -90.221939 -71.324523 -103.36233
158 -85.45 -71.98 -98.58
157 -77.478045 -64.769482 -90.597277
156 -80.901343 -68.528499 -94.028665
155 -95.63 -82.78 -108.78
154 -107.74134 -88.217345 -120.90641
153 -115.18687 -90.756318 -128.3612
152 -118.94 -94.31 -132.12
151 -119.99146 -95.285571 -133.17176
150 -119.86367 -94.364025 -133.04399
149 -118.79 -92.37 -131.97
148 -115.72211 -89.164724 -128.89632
147 -110.29637 -84.830033 -123.46213
146 -105.02 -79.46 -118.18
145 -103.63146 -73.796495 -116.79148
144 -104.18713 -71.391903 -117.34615
143 -106.17609 -76.352058 -119.3402
142 -110.15429 -85.877413 -123.32437
141 -114.43793 -96.184408 -127.61079
140 -117.99714 -105.74296 -131.17598
139 -122.14801 -109.22414 -135.34737
138 -127.33356 -114.55149 -140.52015
137 -128.94 -116.14 -142.14
136 -125.99417 -113.18342 -139.33967
135 -114.39262 -101.56778 -126.54982
134 -89.406576 -76.542926 -113.72015
133 -72.96802 -60.084512 -89.583576
132 -51.313021 -38.393095 -63.986607
131 -25.170473 -12.203119 -44.241069
130 -9.6865053 3.3046714 -28.205334
129 -2.3831015 10.615864 -16.687889
128 1.4304146 14.433688 -10.648979
127 3.7876484 16.795253 -8.6007727
126 5.3483148 18.359126 -7.8140654
125 6.3555815 19.367517 -6.8898861
124 6.3884402 19.398845 -6.6265481
123 5.1273739 18.133489 -7.7890266
122 3.205061 16.206553 -9.7582162
121 1.5733574 14.573125 -11.442122
120 0.38280575 13.383514 -12.632042
119 -1.16 11.84 -14.16
118 -3.7429956 9.2513146 -16.74693
117 -7.3916578 5.5936862 -20.407008
116 -11.42 1.56 -24.44
115 -15.076365 -2.0939134 -28.093787
114 -19.539232 -6.56767 -32.56772
113 -26.69 -13.74 -39.74
112 -36.816855 -23.874991 -49.874982
111 -43.285004 -30.348103 -56.348107
110 -44.72 -31.79 -57.79
109 -45.226266 -32.297813 -58.297812
108 -42.997486 -30.064667 -56.064667
107 -38.03 -25.09 -51.09
106 -33.330122 -20.38365 -46.38365
105 -30.403132 -17.449088 -43.449088
104 -27.79 -14.83 -40.83
103 -23.108411 -10.148841 -36.148843
102 -20.311176 -7.3484882 -33.348485
101 -20.86 -7.89 -33.89
100 -22.606516 -9.6349452 -35.634962
99 -25.310366 -12.343081 -38.343037
98 -27.81 -14.85 -40.85
97 -28.126516 -15.173724 -41.173963
96 -26.861356 -13.913159 -39.912556
95 -27.02 -14.07 -40.07
94 -31.698787 -18.743119 -44.746445
93 -37.507501 -24.572256 -50.563851
92 -42.2 -29.27 -55.27
91 -45.978352 -33.002539 -59.048856
90 -47.788469 -34.97768 -60.860619
89 -48.29 -35.37 -61.37
88 -49.043702 -35.102062 -62.126427
87 -47.12995 -33.179714 -60.204078
86 -41.87 -28.93 -54.93
85 -35.504957 -22.674479 -48.557425
84 -28.487501 -15.48832 -41.534619
83 -22.3 -9.34 -35.34
82 -19.209776 -6.2506462 -32.242342
81 -18.594694 -5.6204732 -31.623546
80 -19.7 -6.73 -32.73
79 -22.724126 -9.7582717 -35.759062
78 -29.071172 -16.121638 -42.118355
77 -36.31 -23.37 -49.37
76 -39.400953 -26.442565 -52.461927
75 -39.593571 -26.703195 -52.654165
74 -44.38 -31.45 -57.45
73 -60.137369 -46.812452 -73.227922
72 -71.035856 -57.806791 -84.141812
71 -72.77 -59.83 -85.88
70 -75.237772 -61.528064 -88.347864
69 -76.86434 -61.860391 -89.974902
68 -78.05 -60.42 -91.17
67 -82.292545 -59.560073 -95.429585
66 -85.488611 -59.784986 -98.59571
65 -84.65 -61.6 -97.78
64 -79.435629 -63.697779 -92.692998
63 -68.086216 -56.178298 -80.863921
62 -54.74 -41.82 -67.82
61 -48.113303 -35.00291 -64.070537
60 -49.92174 -37.068596 -65.88696
59 -56.2 -43.29 -69.29
58 -60.207284 -47.285555 -72.968229
57 -59.656663 -46.752044 -72.877597
56 -55.9 -42.99 -68.99
55 -52.607927 -39.689309 -65.666526
54 -52.730799 -39.812609 -65.821623
53 -57.56 -44.65 -70.65
52 -65.629617 -52.72625 -78.724614
51 -70.553417 -57.657447 -83.658094
50 -71.61 -58.72 -84.72
49 -73.351522 -60.460786 -86.460668
48 -74.037786 -61.151275 -87.151322
47 -73.22 -60.34 -86.34
46 -73.053177 -60.16734 -86.167331
45 -74.275219 -61.383 -87.383004
44 -75.6 -62.71 -88.71
43 -74.742949 -61.860857 -87.860851
42 -71.960467 -59.079239 -85.079252
41 -67.82 -54.93 -80.93
40 -63.303666 -50.405029 -76.404954
39 -62.302058 -49.403747 -75.403936
38 -66.73 -53.84 -79.84
37 -74.673195 -61.790665 -87.789622
36 -79.960203 -67.082106 -93.084742
35 -80.68 -67.81 -93.81
34 -79.804028 -66.942055 -92.927528
33 -78.668187 -65.750556 -91.787271
32 -78.47 -65.59 -91.59
31 -80.276529 -67.567361 -93.394657
30 -83.381083 -69.71901 -96.506686
29 -88.06 -73.33 -101.19
28 -95.061452 -81.510628 -108.1836
27 -101.42957 -88.831504 -114.64448
26 -106.2 -93.36 -119.52
25 -110.84417 -97.965508 -124.07097
24 -114.86437 -102.05611 -128.01673
23 -117.71 -104.89 -130.89
22 -119.57059 -106.74797 -132.75515
21 -121.61241 -108.79336 -134.79044
20 -123.02 -110.2 -136.2
19 -121.57819 -108.75862 -134.75963
18 -118.31536 -105.4935 -131.49206
17 -114.17 -101.34 -127.34
16 -108.81302 -95.973095 -121.97997
15 -100.60483 -87.768996 -113.75169
14 -88.94 -76.08 -102.08
13 -74.761814 -61.827678 -87.922967
12 -59.765575 -46.974661 -72.733832
11 -44.99 -32.06 -58.06
10 -30.834596 -17.221807 -44.548973
9 -18.479893 -7.4481049 -29.56862
8 -9.74 -3.84 -15.66
7 -5.837352 -2.7694678 -8.9159818
6 -4.0010758 -2.1976974 -5.8116658
5 -2.51 -1.33 -3.69
4 -1.5572201 -0.32074217 -2.7929213
3 -0.79998274 0.079971538 -1.6802568
2 -0.15 -0.15 -0.15
1 0.09441941 -0.21610773 0.4050836
0 -0.2674808 0.4701167 -1.0053524
   
